Cluster 1
0.863216 10.0769
1.16683 9.81603
1.17571 9.3838

Cluster 2
0.550459 14.2831
1.09682 13.8061
1.28141 13.328

Cluster 3
0.413213 11.1019

Cluster 4
0.217352 3.95766
0.250572 4.64445
0.556272 4.67127
1.0142 4.14248

Cluster 5
0.120487 6.89044
1.05576 7.02768
1.07206 6.67068
1.22386 6.69259
1.40832 7.00863
1.45675 7.44538

Cluster 6
0.907062 16.5726
1.51593 16.8399

Cluster 7
1.61578 19.6117
2.2047 18.9809

Cluster 8
2.42135 18.1083

Cluster 9
3.12974 18.1668

Cluster 10
2.28197 3.69225
2.31244 4.00652
2.40377 4.56093

Cluster 11
3.2434 18.801

Cluster 12
3.11066 8.22774
3.66768 7.89685

Cluster 13
4.0534 18.6101

Cluster 14
4.32661 11.1209

Cluster 15
3.75349 14.4611
3.92733 14.5685

Cluster 16
3.49663 3.25847
4.36602 3.76552

Cluster 17
4.04872 5.59481
5.45904 4.78065

Cluster 18
4.99163 0.10607
5.99869 0.0441831

Cluster 19
6.76047 6.45459
6.81238 6.17594

Cluster 20
7.35962 11.8552

Cluster 21
7.74124 4.70325
8.1075 4.49675

Cluster 22
7.74472 2.98419
7.94128 1.9589
8.70042 2.51079

Cluster 23
6.93155 16.2526
7.35084 16.6872
8.00984 16.5866
8.00999 15.6884

Cluster 24
8.53267 1.76505

Cluster 25
7.30863 15.5697
7.4483 15.4889
8.82306 16.1634

Cluster 26
7.35946 14.276

Cluster 27
9.04431 7.87619

Cluster 28
8.82044 11.2832

Cluster 29
8.68794 18.0754
8.92805 16.4136

Cluster 30
8.98111 9.19528
10.1629 9.18128

Cluster 31
9.96744 3.29341

Cluster 32
9.37941 14.8681
9.85889 14.0811

Cluster 33
10.4198 10.5265

Cluster 34
10.8904 16.7033

Cluster 35
10.2963 18.4056
11.1361 19.0577
11.295 17.7072
11.4133 18.5992
11.6645 18.8407

Cluster 36
10.8241 2.4536
10.8948 2.74647
11.4191 1.83065
11.9503 2.86139

Cluster 37
10.4552 11.7149
11.2831 13.0689
11.3523 12.4452
11.5237 12.0524
11.6306 13.1141
11.8367 12.5815
11.8887 11.6121

Cluster 38
10.8986 10.8713
11.3166 10.7516
11.6352 10.4542
12.4385 11.3377

Cluster 39
12.3778 13.7985

Cluster 40
12.2255 3.13805
12.6343 3.02113

Cluster 41
12.0833 4.08296

Cluster 42
11.8607 1.69024
11.9259 1.95381
12.612 1.73894

Cluster 43
12.7886 18.3593
12.9076 17.9145

Cluster 44
12.6074 7.57929
12.9804 6.34803
13.5971 6.05499
13.7952 7.5249

Cluster 45
13.5987 13.1691
14.5483 13.2777

Cluster 46
14.9188 16.1165

Cluster 47
13.6748 1.96628
14.3749 1.17726

Cluster 48
14.4531 6.73478
15.1328 6.50305
15.2415 7.22317
15.377 6.3317
15.7813 6.65954

Cluster 49
15.0658 0.420745

Cluster 50
14.3426 7.79716
14.5853 7.74735

Cluster 51
14.8983 9.22609
15.0097 9.31892
15.8044 8.9546

Cluster 52
15.0174 19.7714
15.2573 18.9117
15.396 19.2491
15.8556 19.3921

Cluster 53
16.372 9.7665

Cluster 54
15.1763 3.53378

Cluster 55
16.205 1.51229
16.2269 0.394078
16.8278 1.60443

Cluster 56
15.4972 14.3589

Cluster 57
16.765 2.87942

Cluster 58
16.9203 10.8583

Cluster 59
16.4033 4.74004
16.4185 4.71844
16.5255 5.52869

Cluster 60
16.9917 5.78106

Cluster 61
17.7221 0.976766

Cluster 62
17.495 10.5782

Cluster 63
17.463 3.41275

Cluster 64
17.6277 14.5151
17.9793 14.6139

Cluster 65
17.4898 16.9889

Cluster 66
17.3678 11.4311
17.7087 12.0262
17.9431 11.416
18.0449 12.5735

Cluster 67
18.4263 3.67695
18.4974 2.56593
18.5319 1.82595
18.5782 2.65532
18.6275 1.84863

Cluster 68
17.8897 0.0442124

Cluster 69
18.3627 19.4782
19.7585 19.4781

Cluster 70
18.6276 4.06453
19.2487 4.46139
19.996 4.62003

Cluster 71
18.9898 10.1092
19.2125 9.92277
19.4914 10.8024

Cluster 72
19.4035 17.967
19.7423 17.6526

Cluster 73
19.2779 11.5569
19.8172 12.972

