0.0802677 7.57893
0.0872104 2.63273
0.137763 3.81287
0.260271 8.87668
0.283818 0.0709913
0.45156 0.692911
0.463482 3.0116
0.495974 0.440758
0.713227 10.1211
0.732358 3.43146
0.747729 5.89139
0.799485 2.25088
0.80457 12.7125
0.844741 1.06782
0.8549 9.29875
0.939167 11.7946
0.953399 3.63305
1.03893 12.9191
1.12721 3.76051
1.26346 0.966931
1.27191 12.9411
1.32365 4.50157
1.3261 6.26651
1.35306 0.0119071
1.44777 4.02797
1.45257 10.7471
1.61462 5.85854
1.66716 3.11322
1.67046 7.09032
1.71216 5.82852
1.76654 3.77669
1.81496 1.41351
1.87304 12.3727
1.92662 6.34687
1.97095 3.68118
2.0124 5.09348
2.0165 9.13089
2.07021 9.08526
2.08239 8.7108
2.09956 3.00352
2.11393 6.97689
2.12171 3.40033
2.16426 5.89234
2.18743 6.66481
2.23736 2.32658
2.28593 12.8172
2.36364 10.5842
2.53485 8.12619
2.56148 6.08608
2.57211 0.967136
2.57212 9.936
2.66535 4.12163
2.71629 12.2231
2.71807 4.0477
2.73619 8.22695
2.7383 2.78195
2.78977 5.46758
2.81955 12.5622
2.96504 5.44261
2.98419 7.07093
3.02003 3.80737
3.11243 4.78729
3.17096 6.86709
3.21145 0.539082
3.25473 0.40392
3.25979 8.69965
3.31132 7.13179
3.37383 8.82875
3.45095 1.81653
3.46519 12.4341
3.52139 9.06727
3.53984 8.39051
3.56935 8.6441
3.65307 6.44352
3.70018 8.96971
3.71781 1.7789
3.7233 7.29811
3.78655 2.3009
3.78804 8.37024
3.80547 2.06047
3.90641 8.54174
3.92477 9.99871
3.95736 2.88842
3.98018 6.97577
3.98168 7.66463
3.98786 2.7707
4.15386 10.2646
4.27906 7.20486
4.2892 1.0221
4.39119 10.6893
4.41591 3.77594
4.45066 3.85992
4.49047 6.32708
4.5899 2.357
4.71562 10.7124
4.72255 11.5827
4.73204 1.37651
4.73828 3.97799
4.78582 4.54218
4.79596 9.81752
4.87996 7.25957
4.88878 4.40754
4.89332 8.23103
5.04915 2.08518
5.10917 1.67196
5.11432 3.57993
5.13142 10.0892
5.14763 9.68583
5.16069 0.509929
5.28517 2.52974
5.31153 7.02288
5.31846 12.9078
5.35483 2.94136
5.37914 4.07782
5.4016 2.24585
5.41611 0.0664879
5.45183 6.06526
5.46681 12.1692
5.54722 6.94993
5.57702 3.00492
5.65071 2.90423
5.65583 12.9113
5.70419 4.59543
5.72313 7.18595
5.72764 5.66562
5.7617 7.69818
5.78788 9.31431
5.83985 12.1923
5.86862 5.05618
5.89458 11.3409
5.93543 7.29824
5.9636 1.5138
5.98148 7.71946
5.98521 8.11878
5.99458 6.15128
6.15462 12.5952
6.16615 7.66298
6.17118 10.7654
6.19572 3.40271
6.22353 3.49346
6.2256 1.595
6.46371 11.9726
6.46808 11.1388
6.47209 6.41872
6.48671 11.6838
6.52567 8.22892
6.54303 11.7824
6.65605 8.18776
6.66444 10.7413
6.8087 2.15835
6.81536 9.28381
6.88512 7.66898
6.93314 12.4666
6.96778 9.13563
7.077 10.2998
7.17091 12.3789
7.22337 2.43112
7.2432 0.290221
7.32743 4.64818
7.34458 0.823212
7.42888 9.2019
7.44673 3.19842
7.45699 7.67096
7.46475 0.656687
7.47086 6.23019
7.53487 11.828
7.54919 9.52642
7.58134 7.56573
7.60735 5.48414
7.61459 6.40155
7.67089 6.79146
7.75645 6.38654
7.75782 4.22505
7.88727 12.6091
7.96854 8.96659
7.99331 7.23172
8.06502 8.51015
8.11134 12.8687
8.11336 6.62921
8.146 0.22365
8.25221 4.18769
8.27537 9.2553
8.29096 5.87128
8.35908 5.36634
8.3675 7.87807
8.37524 8.97634
8.39946 1.75432
8.40047 9.47807
8.42769 3.1235
8.57701 7.11475
8.61788 1.97235
8.63926 12.289
8.77474 8.48546
8.79193 5.97696
8.84076 12.7827
8.84868 10.4784
8.85548 3.77609
8.8588 11.1056
8.89551 9.60531
8.96844 3.44927
9.0138 7.68575
9.01848 2.90534
9.07508 8.7639
9.10117 9.52882
9.12002 7.22409
9.12473 4.19147
9.42608 7.76297
9.45264 4.45348
9.45734 8.22731
9.50784 12.7855
9.52524 5.43628
9.56896 4.27526
9.57968 0.558361
9.71856 12.4753
9.76547 4.45265
9.78349 4.09867
9.80569 8.81189
9.84932 0.706468
9.85639 5.40341
9.91878 0.969238
9.92874 2.69525
9.94713 6.17899
10.0722 0.917388
10.0847 5.54334
10.1374 11.656
10.2126 5.06372
10.2787 1.92532
10.3679 5.80767
10.3933 3.65343
10.4544 9.30101
10.4639 3.56991
10.4654 2.36623
10.5218 5.40592
10.5607 0.476887
10.5798 9.61877
10.7451 7.25607
10.7562 11.8423
10.8252 8.43681
10.8983 7.94797
11.0268 6.54756
11.2017 10.5293
11.2969 1.58093
11.3842 0.284793
11.4234 1.06014
11.4259 4.73901
11.4312 12.2882
11.494 11.8245
11.6689 9.12485
11.8216 3.18686
11.862 11.3416
11.9966 10.4917
11.9967 1.02658
12.041 5.50487
12.1008 6.87399
12.176 1.98823
12.1809 3.84434
12.2828 3.92334
12.3148 0.908893
12.4095 0.526726
12.4931 7.1125
12.5603 5.87839
12.6232 9.10312
12.633 11.5264
12.7128 11.076
12.8233 3.81141
12.9169 3.84653
12.9272 0.41632
12.939 3.2112
